8.848478953883953668e-02
8.884072943607115858e-02
8.915855966458278992e-02
8.939657409183618397e-02
8.965664670636898370e-02
8.987036717305084410e-02
9.000418694628170568e-02
9.014371368619522595e-02
9.020547326758411588e-02
9.024895607688976362e-02
9.015525800252439936e-02
9.002818318557054278e-02
8.987829665174888738e-02
8.968157102143553550e-02
8.933296816915151095e-02
8.893847186693827622e-02
8.849389581908370661e-02
8.791882565269037997e-02
8.727164031782749798e-02
8.653327401540077124e-02
8.566736578634438770e-02
8.474259006912751579e-02
8.373175045052048959e-02
8.254503051675238234e-02
8.128055850188467546e-02
7.990681753853542957e-02
7.841088321746123024e-02
7.680401342922438257e-02
7.508633326463319546e-02
7.324565586687283025e-02
7.133030711676724422e-02
6.920702158040993590e-02
6.706035965230956741e-02
6.475512250747637866e-02
6.227046292303805436e-02
5.986317416820457343e-02
5.727069885608349065e-02
5.460895875439870234e-02
5.187018964663302201e-02
4.914689265332547463e-02
4.620442917229023588e-02
6.418321158126690129e+00
6.281161029808443708e+00
6.100314218353506845e+00
5.897105307654928019e+00
5.689670528865360843e+00
5.494372627461629577e+00
5.306753229091526691e+00
5.133102122132611633e+00
4.966118634074248916e+00
4.809634545277510220e+00
4.659328262462399728e+00
4.519513417669450028e+00
4.378824880960729971e+00
4.233569917134711424e+00
4.073536395596505599e+00
3.924970349859962404e+00
3.787514292971774221e+00
3.659260837865699223e+00
3.539481508483742545e+00
3.428183316817713600e+00
3.324100354884207853e+00
3.226884274679765685e+00
3.136534276110686914e+00
3.052184891907663733e+00
2.973377375967369396e+00
2.899882547145514966e+00
2.831114293430931017e+00
2.767427758965490092e+00
2.708270450132931551e+00
2.653132038075780574e+00
2.602160411697847842e+00
2.554649015758831965e+00
2.512041430606973158e+00
2.472517592440292233e+00
2.437249419050441013e+00
2.404942922077391465e+00
2.376731920755734251e+00
2.352712885910207330e+00
2.331615425838487798e+00
2.315142557002485724e+00
2.094192416201724694e+00
2.084460772683867980e+00
2.078593552176102310e+00
2.077482526954461672e+00
2.081767027051078411e+00
2.091709190754296621e+00
2.109260648564404317e+00
2.135497296185661309e+00
2.171798081571965966e+00
2.220863206673264756e+00
2.256480450957353501e+00
2.225403847987384776e+00
2.195820362112979041e+00
2.167157846655658471e+00
2.141477340119165351e+00
2.117048272456997893e+00
2.094304122817252978e+00
2.070576734046624345e+00
2.050407961601053319e+00
2.030337218738725635e+00
2.012128291491328547e+00
1.993396986950280558e+00
1.977543174680577609e+00
1.962166384012716591e+00
1.947248124662934510e+00
1.934035870275629510e+00
1.920612033125717710e+00
1.907350819987387647e+00
1.895295334022149447e+00
1.883146182243143674e+00
1.873169820901271709e+00
1.862402352342088285e+00
1.852761800022373340e+00
1.843907323286758659e+00
1.835928119644674839e+00
1.827782386670644188e+00
1.819408929809803954e+00
1.811980461897667816e+00
1.805020442508517231e+00
1.798191410459070161e+00
1.788143849208240876e+00
1.782412869327544502e+00
1.776758288329768121e+00
1.771283354035301016e+00
1.766327492675163979e+00
1.761295287373294105e+00
1.756938028795873796e+00
1.752571409335602182e+00
1.748367722033631111e+00
1.744937761488989381e+00
1.740958318128933646e+00
1.737626108224519239e+00
1.734380753474674242e+00
1.730552042743277452e+00
1.728024406586771367e+00
1.725260202786675912e+00
1.722514591625130098e+00
1.720013759397658770e+00
1.718349577954455754e+00
1.715422489727402855e+00
1.713089180176175619e+00
1.711190501005594111e+00
1.709144248762362039e+00
1.707635267136292878e+00
1.705847230347318444e+00
1.704329990364691128e+00
1.702397885152041823e+00
1.702113325549254874e+00
1.700237932206138503e+00
1.698948795211410401e+00
1.698810639183703675e+00
1.696976842247626127e+00
1.696660300734508242e+00
1.695835229871664795e+00
1.694881491957199504e+00
1.694374766686276512e+00
1.691930789784237499e+00
1.692916419705533082e+00
1.692599714952760293e+00
1.692158440049404966e+00
1.723169718000756578e+00
1.720946875197301384e+00
1.719651854596494722e+00
1.717051457011188331e+00
1.715129895431552143e+00
1.713229754871131272e+00
1.711229737830362918e+00
1.709465505810312536e+00
1.708092059101116167e+00
1.707046284612424802e+00
1.157173833514559824e+00
1.114123642224864152e+00
1.075481417396233708e+00
1.036171693405077754e+00
1.000338491682714714e+00
9.652349416716520247e-01
9.325039536538376472e-01
9.008269419075700668e-01
8.711836436880997514e-01
8.429901866524329712e-01
8.159738804434679693e-01
7.903293618010120980e-01
7.654445108357472716e-01
7.417319705003324604e-01
7.201833821304002292e-01
6.976518793677853880e-01
6.770107629161138396e-01
6.573389613239284390e-01
6.382547580529477349e-01
6.201131196445613947e-01
6.026904995020073708e-01
5.862198367386225462e-01
5.700876074090343026e-01
5.545876896315675708e-01
5.401056119283911272e-01
5.260202391494694929e-01
5.120387941560888834e-01
4.986894395305013772e-01
4.862178545849586975e-01
