4.649629946314805551e+01
4.438531318303603257e+01
3.920380183573863775e+01
4.392583449511025862e+01
4.222992398364380762e+01
4.317014298812744499e+01
3.584310501393258619e+01
4.226113660432714170e+01
3.909178522031566416e+01
4.275736792561503563e+01
3.883948593318580578e+01
4.164984037154537333e+01
4.164398951704969676e+01
3.849565987820380997e+01
4.171573651146160699e+01
3.752363423511656038e+01
3.931625166028279494e+01
3.394440366412121080e+01
3.458861600658740798e+01
3.902994308122440970e+01
3.334868444254654918e+01
3.737517091367691080e+01
3.679778922983791745e+01
4.219337133513078442e+01
4.192219664315175720e+01
3.729551203972123830e+01
3.611186413734107958e+01
3.866189471807737021e+01
3.801795553555681551e+01
3.935945339843680557e+01
3.495545779541185283e+01
3.575249784094905436e+01
3.589439656055009209e+01
3.504641345547248932e+01
4.138148521887325870e+01
3.755505184429830479e+01
3.566672265978844791e+01
3.643703729595308261e+01
3.531764695871947879e+01
3.853893979284063676e+01
3.946441482731023598e+01
2.231596764600476870e-03
2.253003060440624244e-03
1.934202885592467731e-03
1.942720520974975176e-03
1.850306003453932148e-03
1.740275595711689724e-03
1.730510017765000616e-03
1.454745148152016823e-03
1.296920848467401606e-03
1.150725615243182150e-03
1.153778539610724645e-03
1.079879337460057896e-03
9.697788525675049001e-04
9.133645574008604452e-04
8.307815078346237996e-04
7.284693259956842581e-04
6.971733840695419453e-04
6.917744252372121224e-04
5.819304181024830078e-04
6.050649017378875857e-04
5.564512828587720112e-04
5.397636322029215937e-04
5.695600708375591140e-04
4.689800943921190930e-04
4.201756631682749144e-04
4.243794488256462014e-04
4.169099975985571770e-04
3.771256060414486522e-04
3.537281652425915135e-04
3.647323251936715146e-04
3.310797614664246565e-04
3.434003256669874624e-04
3.434483220510009885e-04
3.080317100195190420e-04
3.043980810812436564e-04
2.885258935436496954e-04
2.900714447655550416e-04
2.668973339002270640e-04
2.978788222788796534e-04
2.904427030324334522e-04
1.170409547366107377e-03
1.137540594205527266e-03
1.191596835985615213e-03
1.162407861068398942e-03
1.175696198408915762e-03
1.114163571520781484e-03
1.105901957149977395e-03
1.062928013475858760e-03
1.068026722415553941e-03
1.006658963977543307e-03
1.046263992229529627e-03
1.070360415485667157e-03
1.047375360499684920e-03
1.047264603041657199e-03
1.071318423549297988e-03
1.065623320867127057e-03
9.325752592812139525e-04
9.886912962900412053e-04
9.447406256210612611e-04
9.235940623902914133e-04
9.574168914588907517e-04
8.894711172457505114e-04
8.541044387940801251e-04
9.473034581755783489e-04
9.026641546111764712e-04
8.514729140633521716e-04
8.572429806971465678e-04
8.338909204121546957e-04
8.427515384094884160e-04
8.622232273573338752e-04
7.544222287540832024e-04
8.082915661523095395e-04
8.226894955593479350e-04
7.914773777882528954e-04
8.700222666715356828e-04
8.300745067698348445e-04
8.743831972354790955e-04
8.560697984416521964e-04
8.330499795632488602e-04
7.098285201175307717e-04
7.963939505052290528e-04
9.193718574339785178e-04
8.145886910806784563e-04
8.829226562072145035e-04
9.506387343589183620e-04
9.508509602025880594e-04
8.656626512200445850e-04
1.007106662870274529e-03
9.097109878011535797e-04
1.002868720073572025e-03
9.609281579492453705e-04
9.135021697838607542e-04
9.504303129151430623e-04
1.071802838130618248e-03
8.745146053174505246e-04
8.403901543300088374e-04
8.999287261164083543e-04
9.234736152570341894e-04
8.991563016643124755e-04
9.087240712198420582e-04
9.137273352455093332e-04
9.492896848640792638e-04
9.813728471274279878e-04
9.179410394513672208e-04
9.145352737055274924e-04
8.752495077422797884e-04
9.237599670747015856e-04
9.296447487987524738e-04
9.220142851216862152e-04
9.660887984247589627e-04
9.337929896597294043e-04
8.958950040749385883e-04
1.019910451189705346e-03
9.601788290808066203e-04
9.556444633124446843e-04
9.215877077039638697e-04
9.665318669551305891e-04
9.265656879245730629e-04
9.631157119496302826e-04
9.308677469458348725e-04
1.091248003414001071e-02
1.097238012186173110e-02
1.189855285393645427e-02
1.217684631007427166e-02
1.266027139868827582e-02
1.284282098792702796e-02
1.695702473027749235e-02
1.662090378939442767e-02
1.829158750864840616e-02
2.268755212081010816e-02
2.034966157763312342e-02
2.282962555708379845e-02
2.580731890874320492e-02
3.009772283853479058e-02
2.857974063935463452e-02
3.379744119919479012e-02
3.383257283802693083e-02
4.877382811167332161e-02
4.182568327186630269e-02
4.465085070733067901e-02
6.105240189668826450e-02
5.440843996624666196e-02
6.115976956908306811e-02
5.390217943024947639e-02
6.243751705275430580e-02
6.506545005000764770e-02
7.063799709256184112e-02
6.331949665227136481e-02
6.992214178021015358e-02
7.087125307514663408e-02
6.097512531428080779e-02
7.353082534355744049e-02
6.052960660382255415e-02
6.088498270746781765e-02
5.769110467374058415e-02
6.668225410133295228e-02
6.339821471645241957e-02
6.391178303903116698e-02
5.801770050238697074e-02
