1.160422938061153498e-05
1.201033759007291789e-05
1.240720913563249917e-05
1.279313693335986660e-05
1.317425154223142887e-05
1.354234449227447251e-05
1.391092775291338354e-05
1.426311743487838439e-05
1.461061317559085584e-05
1.495117705799026812e-05
1.528836375673137086e-05
1.561339277629112050e-05
1.593421989034889689e-05
1.625085483410847271e-05
1.656060198108601596e-05
1.686610438850867844e-05
1.716428988129226974e-05
1.745922238743212196e-05
1.774844838285562836e-05
1.803256511733150025e-05
1.831146039193706231e-05
1.858625496283085476e-05
1.885791089207280801e-05
1.912365112232039435e-05
1.938655757030500391e-05
1.964325747628509260e-05
1.989601602789519479e-05
2.014710322825057526e-05
2.039298842648780413e-05
2.063453001510303362e-05
2.087207012025819476e-05
2.110512911539066982e-05
2.133698647698771970e-05
2.156250794064336750e-05
2.178616622133948240e-05
2.200422140361676533e-05
2.221760822663924442e-05
2.242991645610828273e-05
2.263781666241219842e-05
2.284169419972222265e-05
2.304209586424472501e-05
1.158237147023951719e-04
1.162656110189203956e-04
1.202070261200463753e-04
1.274938858475133520e-04
1.374098056626837960e-04
1.493620173771118183e-04
1.633438189662183388e-04
1.785145954891819505e-04
1.947683440794468763e-04
2.123624753801392625e-04
2.308030960881330210e-04
2.502875235788472406e-04
2.715161212635772712e-04
2.966282271973605411e-04
3.224615302321131140e-04
3.487404630724191129e-04
3.757907006053534953e-04
4.030035945223295096e-04
4.307178716092972186e-04
4.581203690731493324e-04
4.862306905775715658e-04
5.139675440891293759e-04
5.414143339346740112e-04
5.689019922703175821e-04
5.959908405839841640e-04
6.225222055821969100e-04
6.483245831724460248e-04
6.739611340967499196e-04
6.983018713949362645e-04
7.222919317939564604e-04
7.449913700533850394e-04
7.668358701953667186e-04
7.876020774882098443e-04
8.070322009424255212e-04
8.254393708770678493e-04
8.422774381374434263e-04
8.572969094537331467e-04
8.712990418764499740e-04
8.826785939067711148e-04
8.925596772910387002e-04
5.217676864372629546e-04
5.265556118562338128e-04
5.302309435935174736e-04
5.325652512401072040e-04
5.333923932317152479e-04
5.331387377250330298e-04
5.312461356815617727e-04
5.278753440260509433e-04
5.229393537714102126e-04
5.163594722640837227e-04
5.083546051746699575e-04
4.985011458889268511e-04
4.874185570617969605e-04
4.749448036126919463e-04
4.678236895375925751e-04
4.742946855797373451e-04
4.799599079772820282e-04
4.851315092604311621e-04
4.903272408607722279e-04
4.947159635773499186e-04
4.995635606616224489e-04
5.036893008457816448e-04
5.080653435321387523e-04
5.119701321254012697e-04
5.150088613633454094e-04
5.185507614637786420e-04
5.211257395849423291e-04
5.236953249367127562e-04
5.265041395054232852e-04
5.286179785305419659e-04
5.306657805317193787e-04
5.325055751667795044e-04
5.340482657600674563e-04
5.355531119619936315e-04
5.369022290448782417e-04
5.379803874154997145e-04
5.388984602147390418e-04
5.395121627107318449e-04
5.402762815101234961e-04
5.407497386036098962e-04
5.839607604967174794e-04
5.808895167150340561e-04
5.771839031451015583e-04
5.711929287679403658e-04
5.697232880544526390e-04
5.656336007807287241e-04
5.621487733171078851e-04
5.583880859253771050e-04
5.550926069877305628e-04
5.515463450497071034e-04
5.479354659790342669e-04
5.444701393634479971e-04
5.411005915640820958e-04
5.378339457614956338e-04
5.344015353466886322e-04
5.310144187123140699e-04
5.271902695824893332e-04
5.238066894217704647e-04
5.216074706501754032e-04
5.185493188911662792e-04
5.159316473067371463e-04
5.132365881038949322e-04
5.092398427466812314e-04
5.054814853953986872e-04
5.030828329868685745e-04
5.003820504181540887e-04
4.980060056780499919e-04
4.958574558489463107e-04
4.916666971144821119e-04
4.887953456856599863e-04
4.860569063706603383e-04
4.837386600492390564e-04
4.794934036909932295e-04
4.773273666766448772e-04
4.749867154293527997e-04
4.725672946173012758e-04
4.704608666536693124e-04
4.683164116819603655e-04
4.658817081450034861e-04
4.634969273268472372e-04
3.268545095172467108e-04
3.166925608076634198e-04
3.060667958877302526e-04
2.950438594297105990e-04
2.832370187707186344e-04
2.704240429300190890e-04
2.572378629167962360e-04
2.420755534998398630e-04
2.256858667330378444e-04
2.075455557326734001e-04
2.990593423541770823e-04
2.912132913868429500e-04
2.826611342522745767e-04
2.728321967935286091e-04
2.590372701957482015e-04
2.486128852676065056e-04
2.373346522112151447e-04
2.258319534494759059e-04
2.144335506404973762e-04
2.060197521662286550e-04
1.978274870912589847e-04
1.903812773554416655e-04
1.846796162740076944e-04
1.790438976784194589e-04
1.742582882314743301e-04
1.711982325640463726e-04
1.683185472991849320e-04
1.676532856375630024e-04
1.657077552562678628e-04
1.649593747293440216e-04
1.654624045666168973e-04
1.653940629518609235e-04
1.665864989157081521e-04
1.676409949059887172e-04
1.694075518976403537e-04
1.714463705984794605e-04
1.738798073784596004e-04
1.767956680969065639e-04
1.797079897788567539e-04
