8.053518178152807572e-01
7.752328517802434815e-01
7.474461268099102940e-01
7.218433581325389703e-01
6.979146902799541197e-01
6.758827566476036663e-01
6.549803793070780866e-01
6.358265297340922606e-01
6.177890642675294419e-01
6.008640987664006783e-01
5.848382364127410193e-01
5.699496584316537939e-01
5.558369078306734101e-01
5.424454301124349564e-01
5.298110714961804524e-01
5.177997005622243520e-01
5.064592631710489457e-01
4.956314168796520092e-01
4.853465890167336649e-01
4.755588082209040723e-01
4.662377042698112595e-01
4.573272653036398183e-01
4.487820391094362593e-01
4.406450784540926202e-01
4.328235953452486684e-01
4.253732696396836377e-01
4.182253729038123424e-01
4.113183880870946441e-01
4.047107633925642323e-01
3.983690411891400718e-01
3.922740849887504377e-01
3.864219857036081951e-01
3.807419387143988754e-01
3.753168844175982510e-01
3.700569042320503432e-01
3.650178762223892370e-01
3.601730639720568394e-01
3.554575948315920608e-01
3.509172036772142955e-01
3.465387355760209953e-01
3.423069359002525736e-01
7.295318370907409644e+00
7.123437362467766931e+00
6.903078060386532044e+00
6.655060858653905065e+00
6.407779720472220220e+00
6.173601671675577940e+00
5.946435893400589201e+00
5.737130343940155974e+00
5.541136742528390613e+00
5.351031097764371580e+00
5.171881804110551428e+00
4.999267946578753730e+00
4.823503044290296415e+00
4.625889475826745922e+00
4.443371225974257044e+00
4.275554157939668087e+00
4.118249083314500680e+00
3.973426329523969791e+00
3.837579203702937036e+00
3.713153051687379413e+00
3.594373025702207070e+00
3.484764395931885694e+00
3.382786727232003354e+00
3.286439728810523153e+00
3.196427822904013727e+00
3.112482431228714486e+00
3.034376049800894926e+00
2.960062665217903621e+00
2.891866014436413668e+00
2.827028308774552023e+00
2.767274982665533400e+00
2.711230763356859974e+00
2.659033771841567084e+00
2.610844303012321621e+00
2.565799298715611965e+00
2.524614800920298663e+00
2.487451149905564485e+00
2.452757481755981850e+00
2.422965119004851786e+00
2.396033038637745971e+00
2.196583689742278800e+00
2.177474729990633406e+00
2.161835226232685425e+00
2.150208753061489730e+00
2.142842753817541190e+00
2.139035622020363903e+00
2.140113320560665056e+00
2.145907390472796994e+00
2.156940018959702332e+00
2.173900780709051794e+00
2.196896623430204087e+00
2.227488452476181990e+00
2.265331423308295289e+00
2.311898076167659077e+00
2.337286984936062240e+00
2.300611259435998868e+00
2.267754661391873761e+00
2.237438289615671483e+00
2.207807599334998816e+00
2.181408110269659861e+00
2.154125616003262245e+00
2.129784605578837198e+00
2.105195876188262982e+00
2.082324903071521405e+00
2.062640152139239458e+00
2.041853630972124467e+00
2.024241131658208737e+00
2.006890350131382394e+00
1.989137016195794860e+00
1.973630088307139152e+00
1.958559381509600961e+00
1.944256672947408893e+00
1.930992274191834168e+00
1.917945627796755925e+00
1.905520669014636237e+00
1.893981448935296630e+00
1.883008991185341374e+00
1.872974788185974182e+00
1.862654309462434155e+00
1.853196806983143485e+00
1.708936853459398053e+00
1.705335705673443503e+00
1.702652502503278154e+00
1.702977926324762636e+00
1.697922511318714411e+00
1.696408871800608731e+00
1.694226094932615556e+00
1.692492902549935119e+00
1.690418473276890987e+00
1.688803447776220379e+00
1.687448320068387186e+00
1.686045164170853594e+00
1.684746428687994513e+00
1.683353333050444434e+00
1.682376321023919541e+00
1.681349549750601025e+00
1.681274989993231328e+00
1.680635928227577569e+00
1.678551527056878712e+00
1.677726789222707238e+00
1.676576400211304163e+00
1.675513503137514348e+00
1.676145383106119713e+00
1.676828552487140023e+00
1.675697620553155298e+00
1.675080707956617676e+00
1.674095080591265772e+00
1.672850856717877921e+00
1.674661378065145367e+00
1.674616755714415373e+00
1.674575788876261129e+00
1.674088756548413492e+00
1.676263036174129972e+00
1.675715218153410513e+00
1.675428299335426585e+00
1.675340069787838226e+00
1.674947746732416753e+00
1.674605387721046723e+00
1.674773454960685637e+00
1.674896364823862172e+00
8.313636799944204014e-01
8.364002403548271847e-01
8.409394094530311392e-01
8.448439834306975538e-01
8.484935912078852560e-01
8.529229628296814969e-01
8.562462094592203643e-01
8.614635362126976670e-01
8.657388290619079108e-01
8.727993209825568588e-01
6.448682219965363727e-01
6.328050377169623930e-01
6.231278242009979929e-01
6.162783374711747753e-01
6.143656965059646202e-01
6.115070328798538624e-01
6.117381176066924997e-01
6.142552990005626379e-01
6.186781300241481762e-01
6.215091115706771197e-01
6.256136729183076062e-01
6.302701049628977037e-01
6.334843995190732047e-01
6.376730926350120399e-01
6.416034443499097906e-01
6.432445312534025295e-01
6.452202726800777555e-01
6.436669383607090955e-01
6.447979024159777861e-01
6.440690134721037685e-01
6.413268082278447135e-01
6.398383780129417442e-01
6.362783174940496167e-01
6.331478306361546515e-01
6.289348622600839933e-01
6.244519569769568790e-01
6.194305027637787564e-01
6.138641317077251358e-01
6.084877415244922538e-01
