1.043707024322749930e+03
1.043707024322749930e+03
1.043707024322749930e+03
1.043707024322749930e+03
1.043707024322749930e+03
1.043707024322749930e+03
1.043707024322749930e+03
1.043707024322749930e+03
1.043707024322749930e+03
1.043707024322749930e+03
1.043707024322749930e+03
1.043707024322749930e+03
1.043707024322749930e+03
1.043707024322749930e+03
1.043707024322749930e+03
1.043707024322749930e+03
1.043707024322749930e+03
1.043707024322749930e+03
1.043707024322749930e+03
1.043707024322749930e+03
1.043707024322749930e+03
1.043707024322749930e+03
1.043707024322749930e+03
1.043707024322749930e+03
1.043707024322749930e+03
1.043707024322749930e+03
1.043707024322749930e+03
1.043707024322749930e+03
1.043707024322749930e+03
1.043707024322749930e+03
1.043707024322749930e+03
1.043707024322749930e+03
1.043707024322749930e+03
1.043707024322749930e+03
1.043707024322749930e+03
1.043707024322749930e+03
1.043707024322749930e+03
1.043707024322749930e+03
1.043707024322749930e+03
1.043707024322749930e+03
1.043707024322749930e+03
1.016631924062054892e+01
1.016631924062054892e+01
1.016631924062054892e+01
1.016631924062054892e+01
1.016631924062054892e+01
1.016631924062054892e+01
1.016631924062054892e+01
1.016631924062054892e+01
1.016631924062054892e+01
1.016631924062054892e+01
1.016631924062054892e+01
1.016631924062054892e+01
1.016631924062054892e+01
1.016631924062054892e+01
1.016631924062054892e+01
1.016631924062054892e+01
1.016631924062054892e+01
1.016631924062054892e+01
1.016631924062054892e+01
1.016631924062054892e+01
1.016631924062054892e+01
1.016631924062054892e+01
1.016631924062054892e+01
1.016631924062054892e+01
1.016631924062054892e+01
1.016631924062054892e+01
1.016631924062054892e+01
1.016631924062054892e+01
1.016631924062054892e+01
1.016631924062054892e+01
1.016631924062054892e+01
1.016631924062054892e+01
1.016631924062054892e+01
1.016631924062054892e+01
1.016631924062054892e+01
1.016631924062054892e+01
1.016631924062054892e+01
1.016631924062054892e+01
1.016631924062054892e+01
1.016631924062054715e+01
1.669429489714944381e+01
1.669429489714944381e+01
1.669429489714944381e+01
1.669429489714944381e+01
1.669429489714944381e+01
1.669429489714944381e+01
1.669429489714944381e+01
1.669429489714944381e+01
1.669429489714944381e+01
1.669429489714944381e+01
1.669429489714944381e+01
1.669429489714944381e+01
1.669429489714944381e+01
1.669429489714944381e+01
1.669429489714944381e+01
1.669429489714944381e+01
1.669429489714944381e+01
1.669429489714944381e+01
1.669429489714944381e+01
1.669429489714944381e+01
1.669429489714944381e+01
1.669429489714944381e+01
1.669429489714944381e+01
1.669429489714944381e+01
1.669429489714944381e+01
1.669429489714944381e+01
1.669429489714944381e+01
1.669429489714944381e+01
1.669429489714944381e+01
1.669429489714944381e+01
1.669429489714944381e+01
1.669429489714944381e+01
1.669429489714944381e+01
1.669429489714944381e+01
1.669429489714944381e+01
1.669429489714944381e+01
1.669429489714944381e+01
1.669429489714944381e+01
1.669429489714944381e+01
1.669429489714944381e+01
1.414114536256212595e+01
1.414114536256212595e+01
1.414114536256212595e+01
1.414114536256212595e+01
1.414114536256212595e+01
1.414114536256212595e+01
1.414114536256212595e+01
1.414114536256212595e+01
1.414114536256212595e+01
1.414114536256212595e+01
1.414114536256212595e+01
1.414114536256212595e+01
1.414114536256212595e+01
1.414114536256212595e+01
1.414114536256212595e+01
1.414114536256212595e+01
1.414114536256212595e+01
1.414114536256212595e+01
1.414114536256212595e+01
1.414114536256212595e+01
1.414114536256212595e+01
1.414114536256212595e+01
1.414114536256212595e+01
1.414114536256212595e+01
1.414114536256212595e+01
1.414114536256212418e+01
1.414114536256212418e+01
1.414114536256212418e+01
1.414114536256212418e+01
1.414114536256212418e+01
1.414114536256212418e+01
1.414114536256212418e+01
1.414114536256212418e+01
1.414114536256212418e+01
1.414114536256212418e+01
1.414114536256212418e+01
1.414114536256212418e+01
1.414114536256212418e+01
1.414114536256212240e+01
1.414114536256212240e+01
4.762493574449163880e+00
4.762493574449163880e+00
4.762493574449163880e+00
4.762493574449163880e+00
4.762493574449163880e+00
4.762493574449163880e+00
4.762493574449163880e+00
4.762493574449163880e+00
4.762493574449163880e+00
4.762493574449163880e+00
4.762493574449163880e+00
4.762493574449163880e+00
4.762493574449163880e+00
4.762493574449163880e+00
4.762493574449163880e+00
4.762493574449163880e+00
4.762493574449163880e+00
4.762493574449163880e+00
4.762493574449163880e+00
4.762493574449163880e+00
4.762493574449163880e+00
4.762493574449163880e+00
4.762493574449163880e+00
4.762493574449163880e+00
4.762493574449163880e+00
4.762493574449163880e+00
4.762493574449163880e+00
4.762493574449163880e+00
4.762493574449163880e+00
4.762493574449163880e+00
4.762493574449163880e+00
4.762493574449163880e+00
4.762493574449163880e+00
4.762493574449163880e+00
4.762493574449163880e+00
4.762493574449163880e+00
4.762493574449163880e+00
4.762493574449163880e+00
4.762493574449163880e+00
