1.208435887348402384e-04
1.202722162335967865e-04
1.197531465588240674e-04
1.193376197055347307e-04
1.188967204665631802e-04
1.185157443678014463e-04
1.182352691400835604e-04
1.179487761933917765e-04
1.177588254778635880e-04
1.175918571285114293e-04
1.175935724371433789e-04
1.176368543284566216e-04
1.177089843644722907e-04
1.178398740225153406e-04
1.181606857609529673e-04
1.185423016333403390e-04
1.189913778400594378e-04
1.196124535474359828e-04
1.203358482467004249e-04
1.211905642189895329e-04
1.222312160481874130e-04
1.233738339069156606e-04
1.246619279768990769e-04
1.262329591299530792e-04
1.279635844569509159e-04
1.299136710253364258e-04
1.321221166868727901e-04
1.345946593190017985e-04
1.373573370690958130e-04
1.404627540524253971e-04
1.438602133999208844e-04
1.478458379776139938e-04
1.521182879665063765e-04
1.570099453061425546e-04
1.626691133119609941e-04
1.685656209271427881e-04
1.754368650476935030e-04
1.831197086594364503e-04
1.917821224470853635e-04
2.012677274103283516e-04
2.126629162024470986e-04
1.601652362502042502e-04
1.593818947186288271e-04
1.614731821750505479e-04
1.658806449174560855e-04
1.720146045383625765e-04
1.791645806181631348e-04
1.871989628549658620e-04
1.956294388019578026e-04
2.044910042390485154e-04
2.134478963315577409e-04
2.225336613380330482e-04
2.314205489715931495e-04
2.405988389212516834e-04
2.502908397186419691e-04
2.612181482470823262e-04
2.718306912698277610e-04
2.820535966236261457e-04
2.919351640544788260e-04
3.014571791884209750e-04
3.105451958736401858e-04
3.192418683611691053e-04
3.275199657943397044e-04
3.353192756476510187e-04
3.426730981840842255e-04
3.495826552996965874e-04
3.560284015533796186e-04
3.620391765924455083e-04
3.675292498466421385e-04
3.725290843621874531e-04
3.770733480702702107e-04
3.811088562017882447e-04
3.847084175230991465e-04
3.876246021418664118e-04
3.901042695333325062e-04
3.919403486894422473e-04
3.933151785964065822e-04
3.940255966586241423e-04
3.940347549917824462e-04
3.935400295874759186e-04
3.922461148873916583e-04
2.707180442945376886e-04
2.692566684842661500e-04
2.673292325590345448e-04
2.648234447635590123e-04
2.616690203958029035e-04
2.578549996672628835e-04
2.531807736340726958e-04
2.475839368436900316e-04
2.410027145876258417e-04
2.332812704515645501e-04
2.272137995877624914e-04
2.279488432668225607e-04
2.286168697984113096e-04
2.292707771791864632e-04
2.296855321750347059e-04
2.300336640547418702e-04
2.302617644435216908e-04
2.306584034270196413e-04
2.307187794868335417e-04
2.308192773993616195e-04
2.307580285740985337e-04
2.308029736061087964e-04
2.305603075500637733e-04
2.303009904278358153e-04
2.300255893627470760e-04
2.295847161113428482e-04
2.292017567945711870e-04
2.288323873520921813e-04
2.283506060872628912e-04
2.279100945374242264e-04
2.272362666856473788e-04
2.266843392857365502e-04
2.260222761008529133e-04
2.252894507289303794e-04
2.244735978065032103e-04
2.237005221662361019e-04
2.229777771895755166e-04
2.221619133500390628e-04
2.213099840564419557e-04
2.204626324585483603e-04
2.571371803815807131e-04
2.560450004999557548e-04
2.549626478146630945e-04
2.538752960326368037e-04
2.527340663072180811e-04
2.516238091716352138e-04
2.504376188300021081e-04
2.492725674596274455e-04
2.481040699599277384e-04
2.468458155488143391e-04
2.456842437705021305e-04
2.444509963583672905e-04
2.432248097316449360e-04
2.420991796628379523e-04
2.408117306297765238e-04
2.395761359292294587e-04
2.383570152750215040e-04
2.371232215373940335e-04
2.357938012374655461e-04
2.346559227618187334e-04
2.334561460767034091e-04
2.322163881486718009e-04
2.310154864153602977e-04
2.297612262946561752e-04
2.285631793905508761e-04
2.273477648726125971e-04
2.262060406495644256e-04
2.248652191011799983e-04
2.237522327554296439e-04
2.225806944910452658e-04
2.212775958685337979e-04
2.202126579466941278e-04
2.189697549191205531e-04
2.178102444060677888e-04
2.166848779154730400e-04
2.155201773253232584e-04
2.146180623900058922e-04
2.133003736974747194e-04
2.121637339832239120e-04
2.110595318966250380e-04
5.417437537997012815e-04
5.394838115044368887e-04
5.369683384277174629e-04
5.348926756014909037e-04
5.326396329866092075e-04
5.304128212531589734e-04
5.282493052932729248e-04
5.260455050115300400e-04
5.237538139452927420e-04
5.213940055072902643e-04
7.648017632620475979e-04
7.915860842056860911e-04
8.172908591426033360e-04
8.455701794883616973e-04
8.731595447183920083e-04
9.022292177404580941e-04
9.312338988075597986e-04
9.613314202740670146e-04
9.914132763715896926e-04
1.021958480740248285e-03
1.053197470591107389e-03
1.084790196598969716e-03
1.117487374012814550e-03
1.150657075624529884e-03
1.182552810321279386e-03
1.218208599618281814e-03
1.252834092349840210e-03
1.287823703383166605e-03
1.323836328484950938e-03
1.360083939278530600e-03
1.396929938587286981e-03
1.433720765674983575e-03
1.471839979654755281e-03
1.510533154431041624e-03
1.548608399544930923e-03
1.587655393246126733e-03
1.628588073381152974e-03
1.669774284290774036e-03
1.710210097897268619e-03
