1.263655682658748674e+03
1.256168507332007266e+03
1.249586295560309281e+03
1.243800356704829255e+03
1.238633801103714404e+03
1.234092180794735896e+03
1.229974411217740681e+03
1.226358697615351730e+03
1.223098706236390399e+03
1.220171582837631377e+03
1.217511732921359453e+03
1.215137074230353619e+03
1.212978537258309643e+03
1.211015145116077974e+03
1.209232579460640636e+03
1.207605545434577380e+03
1.206125544740837540e+03
1.204764390992208291e+03
1.203526676388414899e+03
1.202387628229347001e+03
1.201343623360474567e+03
1.200384069215762338e+03
1.199497548126113998e+03
1.198682098036671960e+03
1.197928017061085711e+03
1.197235010753959386e+03
1.196594481463787133e+03
1.195997942334909794e+03
1.195446262891030983e+03
1.194937286390253576e+03
1.194464096844003279e+03
1.194025698728830093e+03
1.193617186809330633e+03
1.193238336516362097e+03
1.192886065763570514e+03
1.192558728339457275e+03
1.192256359873578049e+03
1.191970744321585471e+03
1.191707092685202269e+03
1.191461584303552399e+03
1.191232810370857806e+03
1.023620877265050488e+01
1.013815998459912215e+01
9.927731407902582461e+00
9.617908361934077277e+00
9.255104668392952760e+00
8.877645981473515135e+00
8.497939203309389455e+00
8.144385137864576407e+00
7.817056495679953088e+00
7.507825469269987728e+00
7.223152839875179865e+00
6.956304304623987633e+00
6.699380055429596581e+00
6.431818086794898193e+00
6.185483276615527437e+00
5.959834019192000731e+00
5.748895887170533570e+00
5.555587653366417022e+00
5.374858314212208832e+00
5.210365124280984084e+00
5.053644647030775872e+00
4.909882473490644550e+00
4.776816534144630921e+00
4.651558540484321824e+00
4.535168924864840356e+00
4.427167948101789818e+00
4.327166176762792027e+00
4.232319537527028608e+00
4.145804435162742330e+00
4.063728622071194785e+00
3.988415273416392903e+00
3.917924416995265613e+00
3.852355767772564388e+00
3.791889576929085237e+00
3.735236844578893045e+00
3.683360375367881190e+00
3.636371143922839000e+00
3.592029164458775625e+00
3.553590107082418736e+00
3.518261173352692950e+00
7.360805633689216698e+00
7.295865209885625369e+00
7.235533857743610575e+00
7.180554855984824236e+00
7.131921125930762884e+00
7.085429656433419154e+00
7.044450774596719533e+00
7.007340151660748084e+00
6.973962786588933760e+00
6.943868107591576688e+00
6.914611045903375164e+00
6.889009754576316702e+00
6.860983760855147828e+00
6.830816357520803628e+00
6.787853747888779488e+00
6.727543115064340107e+00
6.672401876463543324e+00
6.620673011490581850e+00
6.569997758778524322e+00
6.524144148635404150e+00
6.477502378032461650e+00
6.434520905754123277e+00
6.391476390382677231e+00
6.351945716383098350e+00
6.315896285969716750e+00
6.278660426760843016e+00
6.245679298116658451e+00
6.213510882948583891e+00
6.181181259044980614e+00
6.151842473397965527e+00
6.123223367896954095e+00
6.095947727726449550e+00
6.070086892482694729e+00
6.045088770867178773e+00
6.020978382029080755e+00
5.998198650956333644e+00
5.976380721334922264e+00
5.955938275855385378e+00
5.935478625588447521e+00
5.916391333153549148e+00
5.896699699162669894e+00
5.903477266109800503e+00
5.914594141027055052e+00
5.941701795810924835e+00
5.936418654119830940e+00
5.949146656401839373e+00
5.957753239916560695e+00
5.968502034126186295e+00
5.975405756443926464e+00
5.984124719992085950e+00
5.993170669538108619e+00
6.001136230117186443e+00
6.008004742111832108e+00
6.014489940827464132e+00
6.021978720396750084e+00
6.029661732284435693e+00
6.039783791817949776e+00
6.046997058623568400e+00
6.044837934949950586e+00
6.049518103254403201e+00
6.050092879995030870e+00
6.051855899069418676e+00
6.065013085119112191e+00
6.075349039357142544e+00
6.074853865404289621e+00
6.076939149540391050e+00
6.076475168888417322e+00
6.074331489376182169e+00
6.089079701278284240e+00
6.093294463739191258e+00
6.096091474419548462e+00
6.095126924129787405e+00
6.111840007444587108e+00
6.109867926654978909e+00
6.109849497522941597e+00
6.110638712541458517e+00
6.108458718936700116e+00
6.107077640369202420e+00
6.108396639071433043e+00
6.109610841912072488e+00
1.917805539103806822e+01
1.967219623821624097e+01
2.024571922539533730e+01
2.090797947502576193e+01
2.169234719207002016e+01
2.261216435249484746e+01
2.369258242212061205e+01
2.504482287186455025e+01
2.676004069983971689e+01
2.890073158407923515e+01
2.701604426064714914e+01
2.828180717600322680e+01
2.959745649185366290e+01
3.101196426452180788e+01
3.278031490792722735e+01
3.431729082595379765e+01
3.593609606894587216e+01
3.761094995074650171e+01
3.932311775632782513e+01
4.072641276282448786e+01
4.211516315974814262e+01
4.341448489820530909e+01
4.449516230848421827e+01
4.555939079519939838e+01
4.648385555296720639e+01
4.714636811157802043e+01
4.775649955329518548e+01
4.800306158712275106e+01
4.842695982613999917e+01
4.864212267442092497e+01
4.863717909433633935e+01
4.870826739779244008e+01
4.856348112336931422e+01
4.843089636654436703e+01
4.817916171057081698e+01
4.788003796911380050e+01
4.752430376727246397e+01
4.709529158207026711e+01
4.667362543420642851e+01
