3.090246321439510369e-04
3.327382018862076328e-04
3.860124844964116621e-04
3.545311607245291694e-04
3.778449694577422292e-04
3.787418389575031709e-04
4.648857817499311247e-04
4.047364626165100908e-04
4.461928879804008931e-04
4.173378056167614987e-04
4.677078156366783548e-04
4.453024840435677195e-04
4.537100871830173341e-04
4.988143990654602409e-04
4.693044962274032757e-04
5.292765187241212392e-04
5.140499067579673608e-04
6.026093801296873199e-04
6.008851037413717256e-04
5.422394171706761742e-04
6.411737538524872517e-04
5.820293358814346112e-04
5.991195728704240119e-04
5.312882997549379796e-04
5.416570487208133755e-04
6.148028270318278005e-04
6.422397835264856240e-04
6.082179443309463198e-04
6.255181170352878571e-04
6.116246610003356950e-04
6.941962019371968962e-04
6.864701604876504099e-04
6.911075403876244545e-04
7.146237155024382816e-04
6.138962562629383382e-04
6.814130439744863410e-04
7.232856647292484767e-04
7.149983259259553876e-04
7.437137442612215673e-04
6.891139728703508894e-04
6.791269223410233841e-04
1.299289844011491252e-03
1.292833842468455851e-03
1.311835191824276860e-03
1.351920534756830125e-03
1.407442323450969202e-03
1.473757067946674130e-03
1.549822853107584971e-03
1.631218514507472251e-03
1.716363551571160754e-03
1.806103751415047030e-03
1.897320890813361527e-03
1.990946141644829494e-03
2.090378940239781807e-03
2.204575484235545176e-03
2.317426725191320223e-03
2.427929030666251767e-03
2.537142763878212897e-03
2.643054313895562470e-03
2.747345186449904123e-03
2.846768117505774597e-03
2.945445768139695608e-03
3.039680383567577773e-03
3.129913723468471989e-03
3.217929232639025680e-03
3.301982638778813445e-03
3.381754901196782834e-03
3.457138082037968657e-03
3.530080517051254353e-03
3.597256528478384383e-03
3.661525391777635183e-03
3.720618912543765568e-03
3.775612699633426519e-03
3.826212523493713498e-03
3.871937415306907562e-03
3.913489128330758376e-03
3.949672301145163052e-03
3.979791910343337923e-03
4.006226830623627055e-03
4.024465606696614461e-03
4.037981241718805944e-03
4.365665343992214398e-03
4.371651999260380006e-03
4.369903554319820582e-03
4.359941009230801010e-03
4.340651144667517607e-03
4.313990939599264031e-03
4.276850065242456846e-03
4.230198782254125309e-03
4.173045691359145506e-03
4.105113132939912195e-03
4.026287543093122478e-03
3.935220503077214993e-03
3.833979932041827778e-03
3.721340615488091114e-03
3.645221035415961534e-03
3.667071389161676888e-03
3.684905297857255391e-03
3.699307953666903029e-03
3.714245666336228515e-03
3.724881066788544946e-03
3.737952640767309553e-03
3.747423988476335666e-03
3.758240985302088114e-03
3.766528725986100987e-03
3.770475932568763660e-03
3.777283526390496065e-03
3.778816052121184484e-03
3.780676224726466344e-03
3.783885774113543952e-03
3.783477996010429015e-03
3.783339327717583685e-03
3.781708817340010288e-03
3.778779610953040668e-03
3.776138946431295811e-03
3.772390169790368428e-03
3.767841167377505591e-03
3.762325563089542833e-03
3.755628103591853850e-03
3.749959320401331092e-03
3.743363793302043833e-03
4.031127186889242597e-03
4.013344225383105694e-03
3.994552014335486095e-03
3.968276368665076513e-03
3.954762580895254329e-03
3.933544119510442097e-03
3.914454272296835624e-03
3.893690778566950925e-03
3.874892922420427807e-03
3.854559306280819306e-03
3.834413033822934528e-03
3.814652653111501920e-03
3.794592681815920406e-03
3.774685871360759434e-03
3.755310599248063916e-03
3.735688808669913614e-03
3.713871971578140956e-03
3.693698998975321335e-03
3.677126923644028628e-03
3.657932313959055826e-03
3.639717077496244877e-03
3.621453034919897007e-03
3.599808721996802970e-03
3.578664290786460079e-03
3.561419012181956528e-03
3.543455860541438063e-03
3.526201621311411682e-03
3.509879491219467049e-03
3.487465894872687159e-03
3.468980550941326395e-03
3.450991172668995896e-03
3.434170037916976261e-03
3.411596560550169896e-03
3.395422352255365005e-03
3.378754768814081280e-03
3.362008058878281688e-03
3.345822336703571740e-03
3.330034631690966841e-03
3.313192324507252626e-03
3.296878932476824536e-03
6.544351379794153926e-03
6.495659499046671156e-03
6.445851298268613638e-03
6.405540625815967122e-03
6.366240079812681210e-03
6.323389217836128916e-03
6.264693681532368733e-03
6.220252698547971103e-03
6.170777482706592265e-03
6.085908903988320080e-03
8.243930756951652408e-03
8.370548834396474014e-03
8.465568329406179121e-03
8.513584778358940924e-03
8.542404639321805535e-03
8.528387556077975454e-03
8.514373898018746598e-03
8.347786292802318250e-03
8.333134844914207029e-03
8.262127135465998848e-03
8.070180867590802734e-03
8.050834439155414926e-03
7.948468123520562034e-03
7.940467426445687454e-03
7.817900573240379666e-03
7.768382572041527753e-03
7.693969897658489362e-03
7.755568013563663224e-03
7.683898090463598188e-03
7.675656022067330053e-03
7.770465269748344159e-03
7.687087102844050550e-03
7.815090130936447679e-03
7.840991008526195655e-03
7.907323674227683188e-03
7.886681596645904110e-03
7.965233505323793609e-03
8.023548467886420718e-03
8.129668376582943265e-03
